FINAL CLASSIFICATION REPORT
==================================================
              precision    recall  f1-score   support

           1       0.78      0.71      0.74       329
           2       0.56      0.53      0.54        74
           3       0.57      0.34      0.42       160
           4       0.89      0.86      0.88      1185
           5       0.65      0.76      0.70       478
           6       0.57      0.75      0.65       162
           7       0.71      0.72      0.72       680

    accuracy                           0.76      3068
   macro avg       0.68      0.67      0.66      3068
weighted avg       0.76      0.76      0.76      3068
