FINAL CLASSIFICATION REPORT
==================================================
              precision    recall  f1-score   support

           1       0.74      0.71      0.72       329
           2       0.29      0.54      0.38        74
           3       0.28      0.47      0.35       160
           4       0.92      0.75      0.83      1185
           5       0.54      0.77      0.63       478
           6       0.48      0.67      0.56       162
           7       0.75      0.51      0.61       680

    accuracy                           0.67      3068
   macro avg       0.57      0.63      0.58      3068
weighted avg       0.73      0.67      0.69      3068
